Summary Data:
2017-10-10 2017-10-17
Data for day: 10
7341
7243
7226
7200
7281
7217
7179
7123
7034
6968
6909
6775
6933
6955
6786
6960
6958
6991
7033
7091
7129
7096
7204
6987
Data for day: 11
7341
7243
7226
7200
7281
7217
7179
7123
7034
6968
6909
6775
6933
6955
6786
6960
6958
6991
7033
7091
7129
7096
7204
6987
Data for day: 12
7341
7243
7226
7200
7281
7217
7179
7123
7034
6968
6909
6775
6933
6955
6786
6960
6958
6991
7033
7091
7129
7096
7204
6987
Data for day: 13
7341
7243
7226
7200
7281
7217
7179
7123
7034
6968
6909
6775
6933
6955
6786
6960
6958
6991
7033
7091
7129
7096
7204
6987
Data for day: 14
7341
7243
7226
7200
7281
7217
7179
7123
7034
6968
6909
6775
6933
6955
6786
6960
6958
6991
7033
7091
7129
7096
7204
6987
Data for day: 15
7341
7243
7226
7200
7281
7217
7179
7123
7034
6968
6909
6775
6933
6955
6786
6960
6958
6991
7033
7091
7129
7096
7204
6987
Data for day: 16
7341
7243
7226
7200
7281
7217
7179
7123
7034
6968
6909
6775
6933
6955
6786
6960
6958
6991
7033
7091
7129
7096
7204
6987
Data for day: 17
7341
7243
7226
7200
7281
7217
7179
7123
7034
6968
6909
6775
6933
6955
6786
6960
6958
6991
7033
7091
7129
7096
7204
6987
